-25,0,25,700//Limite izquierdo x 
2500,0,25,700//Limite derecho x

0,625,750,25//piso inicial x
150,525,25,25//Bloquecito inicio x
250,525,200,25//plataforma larga 1 x
300,450,100,25//plataforma corta 1 x

750,575,75,100//escalera corta 1 x
825,525,75,150//escalera larga 1

1075,575,75,100//escalera corta 1
1000,525,75,150//escalera larga 1

1150,625,1400,25
1400,525,200,25
1300,425,100,25
1600,425,100,25
1425,325,150,25
1700,325,300,25
1750,250,200,25
2100,525,200,25
2000,425,100,25
2300,425,100,25
2125,325,150,25